1000 3453
0 294 3093
0 303 3855
0 420 2567
0 593 4699
0 824 4611
0 952 2321
1 6 29399
1 122 3260
1 200 3679
2 459 5956
2 690 5836
2 83 17685
3 112 4908
3 389 3045
4 137 4949
4 210 4001
4 321 3515
4 322 3099
4 412 1833
5 139 3211
5 140 5318
5 659 5165
5 778 4291
6 85 5062
6 419 5649
6 781 3061
6 868 3631
7 185 4445
7 718 2412
7 827 3321
8 629 2184
8 683 1433
8 750 4228
8 852 5276
8 978 1773
9 483 4380
10 29 2616
10 358 2017
10 536 1291
10 215 5064
11 246 1978
11 267 546
11 299 4036
11 308 2815
11 919 3806
12 371 2862
12 730 3351
12 811 2549
13 356 1239
13 366 8276
13 567 4763
13 646 4378
14 430 2672
14 644 2588
14 660 5302
14 749 3182
15 553 4508
15 714 1267
15 996 2768
16 270 5445
16 663 4042
17 232 4317
17 480 1152
17 769 3219
18 217 4466
18 868 3842
18 986 1141
19 886 5039
19 906 5451
19 975 2251
20 485 4736
20 951 3181
21 179 4238
21 181 4539
21 554 4941
21 570 4963
21 574 4465
21 820 2367
22 313 5792
22 581 5278
22 689 4432
23 494 5350
24 52 2386
24 161 3061
24 638 792
24 499 1053
25 510 2668
26 913 681
27 60 3233
27 398 2297
27 712 715
27 757 3183
27 912 4095
27 476 1648
28 10 4144
28 215 5458
28 358 5154
29 22 6903
29 28 1893
29 313 5007
29 668 5907
29 689 5519
29 792 556
30 253 5825
30 415 4427
30 466 3583
30 235 4798
31 348 2324
31 359 526
31 426 4106
31 810 3940
31 916 3624
32 34 1172
32 118 2499
32 405 1288
32 562 4100
32 909 3955
33 148 5659
33 216 4094
33 880 4172
34 424 2906
34 520 2704
34 909 3675
35 102 1642
35 242 6447
35 274 5840
35 735 5957
36 284 6274
36 539 7453
36 834 4124
36 923 6000
37 122 3775
37 238 3107
38 531 2968
38 689 5556
38 998 2867
39 127 2583
39 981 2363
40 380 1390
40 392 2400
40 783 3935
40 826 3536
41 137 2659
41 367 3269
41 700 583
41 726 1050
41 841 4033
42 309 4982
42 324 1210
42 427 1640
42 625 3368
43 178 3609
43 240 2239
43 403 3963
43 546 3898
43 603 2426
44 7 5236
44 404 1701
44 692 5615
45 324 5494
45 461 3420
45 548 6578
46 458 5072
46 965 6725
46 798 3401
47 39 5256
47 127 3139
47 300 2622
47 557 2584
47 964 3880
48 456 4009
48 480 2368
48 963 5943
49 46 4460
49 22 34324
49 458 6262
50 86 6059
50 512 4310
50 564 5644
50 585 6013
50 946 4745
50 375 6990
51 68 5790
51 123 5745
51 724 4054
52 499 1493
53 132 1849
53 352 1895
53 365 5310
53 995 6028
54 26 3159
54 107 4876
55 646 1504
55 822 2497
55 955 2741
55 971 1582
56 24 4213
56 437 884
56 676 4738
56 772 7777
57 472 5639
57 541 2351
57 720 3584
57 823 7834
58 317 3331
58 600 4262
58 910 4621
59 338 5882
59 339 1787
59 400 3313
60 637 1806
61 296 3271
61 517 2960
61 630 2795
61 704 2683
61 816 3922
62 77 5733
62 198 3973
62 777 869
62 785 3568
62 983 938
63 456 4189
63 532 489
63 789 3929
63 920 4547
64 22 6935
64 78 5878
64 265 7269
65 96 5473
65 175 5068
65 418 4464
65 650 2328
66 320 3609
66 438 3533
66 448 3439
66 454 3735
66 485 4885
66 905 3016
66 913 4116
67 92 2036
67 340 1782
69 156 4564
69 168 4936
69 465 2035
69 527 4254
69 898 726
70 58 3947
70 315 3553
70 317 1992
70 793 3382
71 141 4342
71 484 5081
71 915 5555
72 527 1476
72 535 4291
73 68 3242
73 378 3119
73 685 4932
73 724 6098
73 993 2059
74 204 2010
74 319 2465
74 701 3970
75 642 3011
75 752 4495
75 877 4350
75 918 3745
75 270 4542
76 176 4665
76 346 3615
76 462 3400
77 716 2439
77 785 2189
77 399 6144
78 199 2583
78 334 5003
79 449 1880
80 42 5182
80 183 4011
80 309 1583
80 324 5460
80 461 5146
80 521 5111
80 548 3176
80 817 5525
81 272 1455
81 316 3392
81 501 4759
81 920 3823
82 23 5709
82 97 4527
82 444 7867
82 486 2826
82 640 5535
82 748 2709
82 947 902
82 327 11942
83 439 2786
83 601 3584
83 888 3909
83 912 2403
84 74 2872
84 143 272
84 204 1677
84 282 2658
84 422 2374
84 701 1229
85 40 2124
85 380 3298
85 392 4430
87 190 1933
87 211 3306
87 354 2726
87 586 3819
88 137 4004
88 261 4200
88 367 2578
88 379 3183
88 700 4677
90 180 3740
90 388 1445
90 408 1502
90 607 2283
91 689 6569
92 152 4557
92 249 1297
93 65 3546
93 508 2279
93 641 6384
94 97 3040
94 169 3658
94 444 5609
94 640 3312
94 947 3140
95 706 6003
95 773 3738
95 831 1973
95 957 3047
95 972 4357
95 881 5067
96 285 1264
96 234 4426
97 640 2636
97 968 2667
98 135 3688
98 258 5211
98 377 2988
98 568 1472
98 786 5519
99 338 4841
99 529 388
99 865 2761
100 43 23854
100 197 5681
100 752 5772
100 908 4343
101 276 3901
101 758 2415
101 999 6063
102 735 5353
102 410 5937
103 4 4981
103 298 3190
103 321 2265
103 560 3644
103 733 3994
103 736 1295
104 277 4458
104 385 4606
104 595 2243
104 645 1820
104 928 2469
104 307 1695
105 506 4658
105 695 5056
105 969 3486
105 970 5980
106 24 3670
106 52 1319
106 855 5251
107 653 3696
107 818 2647
109 61 4313
109 186 2741
109 470 4493
109 711 4742
110 45 1507
110 461 2212
110 804 5640
111 251 2463
111 610 7182
111 914 1606
111 980 6660
112 9 3531
112 744 1702
112 794 4309
112 814 2826
114 171 2572
114 234 2356
114 285 5365
114 386 1972
114 679 4769
115 770 5266
115 839 659
115 870 4125
115 903 2058
116 313 5640
116 778 2209
117 115 2901
117 210 4544
117 322 3789
117 333 654
117 369 870
117 623 3426
117 903 3284
118 135 4579
118 278 4340
118 424 740
119 485 4872
119 951 1937
120 85 4552
120 222 3510
120 380 1342
121 849 2629
122 220 3123
122 708 2526
123 101 10108
123 388 4136
123 417 2314
123 878 5159
123 999 5448
124 57 4476
124 75 5291
124 642 5006
124 918 2879
125 6 2052
125 85 4004
125 154 3731
125 811 3956
126 579 2468
126 938 6790
127 202 5143
127 835 4458
128 468 4861
128 579 4994
128 763 6314
128 819 5535
128 941 5394
128 970 4182
128 933 6989
129 21 6205
129 190 4738
129 655 3447
130 176 2119
130 219 687
130 248 5794
130 575 2120
131 66 7288
131 882 3158
132 214 3016
132 225 4416
132 523 937
133 113 4608
133 580 1312
133 667 226
133 866 5741
133 917 5614
134 62 3967
134 77 3424
134 198 6390
135 312 4501
135 543 3970
135 786 2346
136 589 5586
136 777 6900
136 899 6263
136 983 6879
137 726 3251
137 759 3210
137 926 5573
138 108 4753
138 121 3285
138 989 4645
139 551 4198
139 659 5080
139 677 2838
141 201 4014
141 385 1536
141 766 1356
142 378 3860
142 559 3011
142 587 5402
142 654 4679
142 993 4863
143 74 2810
143 204 1819
143 701 1442
144 388 1821
144 408 2226
144 417 3746
144 577 5628
146 31 5422
146 633 1686
146 960 5407
147 187 2034
147 372 6283
147 373 6595
147 425 6217
148 880 6252
149 109 5676
149 217 4744
149 507 3271
149 731 5410
150 196 3188
150 613 2800
151 245 3561
151 577 2860
151 997 5451
152 67 2531
152 74 8491
152 340 3841
152 874 5214
153 197 5662
153 591 5866
153 829 4215
154 6 1712
154 12 4606
154 166 5498
154 751 4689
155 116 1907
155 140 5396
155 536 5467
155 659 3185
156 770 6228
156 898 3853
157 51 1646
157 724 2413
157 878 2116
158 290 5114
158 465 4474
158 496 3926
158 535 4601
158 898 5109
159 107 3623
159 587 3039
159 806 5450
160 649 5583
160 856 4752
160 991 5396
160 419 5797
161 52 809
161 106 644
161 363 5358
162 14 2259
162 430 1615
162 644 4467
162 686 7310
163 83 3121
164 150 4900
164 482 3897
164 540 3645
164 873 5707
165 221 4823
165 306 853
166 6 6844
166 160 5603
166 349 829
167 385 4325
167 617 1342
168 72 1841
168 527 2929
168 535 5050
169 97 2236
169 444 3233
169 640 763
169 968 3043
170 193 1983
170 682 3306
171 139 19914
171 194 4538
171 311 4344
171 641 2563
171 679 2747
172 488 3331
172 627 5519
172 955 7145
173 2 2781
173 383 12037
173 459 4530
174 362 3153
174 370 3942
174 991 5668
175 96 565
175 285 918
175 331 4438
175 650 3253
175 721 7701
176 47 4628
176 346 3722
177 402 5706
177 529 5150
177 606 2852
177 901 3367
178 225 3003
178 453 4335
178 546 5067
178 635 6968
179 694 3328
179 974 4115
180 123 2181
180 388 3017
180 417 2189
181 179 3860
181 684 2541
181 725 2227
181 916 3735
182 111 2426
182 229 3109
182 241 3032
182 314 6296
182 558 4332
182 662 2954
183 309 4172
183 382 6759
183 433 7326
183 639 4945
184 86 4759
184 105 2645
184 564 5402
184 972 5935
185 269 3684
185 273 3242
185 718 4239
185 552 5991
186 18 3823
186 149 5821
186 217 1093
186 296 4119
186 507 3269
187 372 4576
187 750 5726
187 852 264
188 163 4827
188 292 4416
188 354 2770
188 586 4431
188 888 3159
188 949 5148
189 137 3588
189 379 3021
189 759 3769
190 181 5941
190 292 4441
190 354 4446
190 655 1542
191 150 4480
191 342 4795
191 565 4652
191 785 27216
192 387 2552
192 464 3037
194 299 2843
194 311 197
194 353 2992
194 672 5106
195 831 6448
195 932 4640
195 955 5554
196 164 2095
196 516 631
196 613 1848
196 805 2944
197 591 4861
197 873 4808
198 77 5838
198 589 4931
198 732 4013
198 785 4627
198 983 4162
199 513 3252
199 687 3749
199 696 2487
199 734 3363
199 739 2389
199 797 2978
199 812 4240
200 310 3819
200 420 1871
200 974 3787
201 71 3320
201 167 4644
201 385 4336
201 766 3571
201 821 1734
201 484 8323
202 300 371
202 557 577
202 597 2535
202 740 3708
202 838 2816
203 216 472
203 673 3949
205 0 6553
205 323 2542
205 788 3918
205 853 5208
205 934 2847
205 952 4257
206 16 2357
206 618 1902
207 444 5833
207 486 7023
208 172 4484
208 367 3352
208 488 1574
208 700 4085
208 790 3515
209 243 5231
209 428 4440
209 614 3040
209 768 5360
209 273 3193
210 103 4279
210 736 3078
211 586 1501
211 655 4974
211 845 3905
211 292 1138
212 170 3227
212 455 4402
212 473 3229
212 879 4994
213 14 770
213 423 3549
213 530 3130
214 365 813
214 953 6021
215 91 7552
215 581 2683
215 689 1583
216 411 2264
216 673 4189
216 885 4773
216 921 4370
217 109 2473
218 39 4954
218 47 1946
218 127 2384
218 176 4145
218 202 4192
218 399 4338
219 176 2255
219 230 5565
219 346 1532
219 838 6806
220 303 4621
220 479 4933
220 776 4855
221 60 5090
221 875 3754
221 637 3796
222 85 1430
222 826 4145
223 84 3005
223 193 3580
223 204 2887
223 319 3163
223 473 3954
223 665 3685
224 302 2960
224 438 2422
224 454 2366
224 765 4846
224 913 3020
225 403 6415
226 10 2366
226 28 2538
226 29 2240
226 254 2781
226 668 3884
226 792 1729
226 504 6860
227 900 5451
227 559 3580
228 69 6184
228 72 8693
228 156 2315
228 596 564
228 954 5771
229 722 3837
230 76 3296
230 716 146
231 57 6700
231 255 2555
231 407 3303
231 431 3464
231 452 4096
231 472 1154
231 995 3005
232 480 4447
232 769 4059
232 867 3327
233 590 5272
233 800 3911
234 93 5274
234 175 3970
234 386 3541
235 466 2780
236 242 5861
236 435 5753
236 488 3362
237 74 4262
237 193 2479
237 223 2937
238 442 6805
238 460 3661
238 708 4801
238 776 405
238 889 3613
239 329 6683
239 592 3686
239 620 775
239 780 5280
239 882 6016
240 178 4675
240 546 1920
241 229 5421
241 174 7166
241 662 1979
242 366 6618
242 567 2885
242 735 1529
243 7 4716
243 268 3842
243 692 4892
243 884 1399
243 894 6091
244 324 7394
244 436 6149
244 511 6760
244 625 5400
244 779 7632
245 542 4597
246 194 4449
246 299 2076
246 353 3093
247 547 5578
247 758 705
248 848 269
249 67 2836
249 259 4344
249 340 2839
249 840 5029
250 518 4729
250 845 6713
250 883 1699
251 44 4062
251 182 2216
251 229 2714
251 343 3675
251 404 2779
251 526 4629
251 980 8690
252 506 3645
252 612 4593
253 158 2508
253 228 5773
253 892 5563
253 898 6234
254 10 2021
254 358 3790
254 536 1691
254 668 2198
254 792 3956
255 36 5851
255 666 5007
256 36 6137
256 403 5516
256 643 7981
256 761 1558
256 834 3553
256 923 4357
257 266 1866
257 297 2416
257 475 4316
257 477 3228
257 594 3151
258 32 4211
258 34 3217
258 125 5254
258 566 1420
259 384 3875
259 807 5307
260 344 4226
260 441 2117
261 59 2265
261 189 4515
261 339 3644
261 400 1736
261 802 2124
262 25 1548
262 510 3173
262 517 5147
262 704 5402
262 764 2541
262 808 4785
263 156 2889
263 228 3434
263 596 3022
263 954 3806
264 11 2352
264 246 2780
264 267 2307
264 308 1443
264 608 5897
264 615 2588
264 672 2410
265 78 2733
266 297 4261
266 475 2450
266 477 4244
266 560 7666
266 863 2441
266 973 4057
267 672 3327
267 915 4262
268 269 757
268 280 5532
269 7 5026
269 552 4762
269 718 2987
270 206 3279
270 618 1378
270 899 3293
271 95 5322
271 897 4134
272 532 4819
272 738 1208
272 984 4673
273 428 4393
273 503 3223
273 555 2107
273 884 1698
274 102 4945
274 242 2663
274 735 1134
274 790 5940
275 264 5279
275 274 4829
275 615 2724
275 672 4270
275 919 3997
276 883 5604
276 549 5615
277 71 1341
277 201 3387
277 307 2771
277 821 4626
277 766 3912
278 32 3867
279 239 3961
279 363 5243
279 620 4570
280 479 7171
280 493 2595
280 555 5623
280 593 6371
281 0 3946
281 303 5081
281 479 4800
281 788 4865
281 952 4254
282 143 2460
282 337 3824
282 665 2590
283 93 3957
283 114 3410
283 234 3775
283 386 1966
283 508 4440
283 641 3117
284 666 8908
284 904 5866
285 234 3175
285 413 5033
286 195 6935
286 542 2612
286 979 5195
286 932 5357
287 232 4533
287 456 3941
287 532 148
287 867 2218
287 920 4670
288 631 6090
289 133 2051
289 285 6546
289 580 3173
289 866 3703
289 917 3647
290 30 2032
290 235 4824
290 466 2528
290 591 7520
291 126 3386
291 468 4097
292 87 2990
292 318 3218
292 354 3968
292 586 846
292 621 5256
292 845 2909
292 883 5565
293 529 6077
294 1 3841
294 303 4907
294 310 3202
294 420 1102
295 78 4086
295 199 1626
295 334 2482
295 734 3251
295 739 3170
295 797 4501
296 109 1649
296 507 3854
297 288 4704
298 560 4343
298 775 4789
299 264 4063
299 267 3492
299 353 3149
300 145 4084
300 740 3724
300 835 3913
300 964 1267
300 981 4669
301 198 3371
301 539 6455
301 589 4725
301 823 5940
301 904 3515
301 939 3408
301 983 5769
302 26 808
302 438 3755
302 454 2236
302 833 3504
302 861 3475
303 310 4864
303 593 1215
303 708 4934
303 584 5528
304 100 6158
304 153 4272
304 197 3659
304 622 3469
304 828 5483
304 829 3757
304 873 8424
304 908 1919
305 185 696
305 269 3393
305 273 3927
305 718 3578
305 994 4555
306 712 3420
307 71 3362
307 385 3106
307 484 4573
307 645 2009
307 928 4154
308 246 3961
308 275 5965
308 615 3274
308 672 3820
309 487 5314
309 548 4688
309 804 4417
309 427 6433
310 0 1010
311 246 4645
311 679 3182
312 497 3709
313 854 3223
314 174 6118
314 370 2923
314 558 4186
315 306 4816
315 312 5141
315 317 2394
315 543 5571
315 690 1865
316 108 2254
316 272 2046
316 585 2870
316 738 902
316 391 4437
318 87 1552
318 188 3560
318 190 3357
318 354 1182
319 170 4370
319 212 4727
319 682 3399
320 131 4522
320 447 5282
320 599 4732
320 905 2693
321 733 2713
321 736 2208
322 210 1891
322 369 4565
322 870 2468
323 554 4838
323 934 5106
324 110 4501
324 309 4898
324 427 1653
324 487 5777
325 17 2316
325 232 6630
325 661 1458
325 769 4839
326 350 2966
326 475 2497
326 540 4115
326 594 4659
326 973 985
327 207 6317
327 544 6462
328 487 4771
328 544 6020
328 750 3425
328 988 2768
329 52 5167
329 106 4353
329 360 6201
329 592 3602
329 830 4502
330 13 2975
330 113 4941
330 646 5767
331 65 731
331 89 6365
331 96 4815
331 508 2606
332 515 2717
332 583 3925
332 719 1878
332 924 3503
333 115 3499
333 322 3412
333 4 6238
333 369 1499
333 870 1073
333 903 3611
334 199 2684
334 657 5324
334 696 2410
334 998 4968
334 590 5662
335 406 3572
335 469 1872
335 514 3309
335 561 4075
335 937 3252
336 825 3644
336 836 3990
336 900 4813
337 237 2866
337 381 1531
337 665 2016
337 681 2913
338 286 5021
338 529 4634
338 982 5391
338 578 4910
339 338 4737
339 88 7593
339 671 2865
339 932 4995
340 92 1548
340 669 5609
340 807 1718
341 50 5393
341 384 7335
341 524 4503
341 940 3352
342 474 5789
342 565 4227
342 877 2876
343 525 6330
343 611 5671
344 723 2070
344 819 5077
344 984 5070
345 574 1985
345 767 1341
345 794 5794
346 815 3497
347 257 4219
347 266 2674
347 594 1130
347 973 2862
348 633 4377
348 703 3192
348 810 4306
348 916 1466
348 528 5096
349 154 6177
349 419 1821
350 266 1961
350 347 1935
350 475 493
350 594 2093
351 589 1188
351 983 1636
352 132 3011
352 523 3587
352 605 3121
354 756 4711
355 30 4149
355 69 4800
355 290 3566
355 415 4280
355 911 6010
356 113 5381
356 822 4420
356 847 3237
357 104 4891
357 277 5675
357 484 772
357 645 3107
357 915 3610
357 928 5590
358 155 4609
358 215 3649
358 792 3552
358 778 4449
359 628 523
359 647 4521
359 703 2460
359 810 3784
359 916 3098
360 239 2064
360 279 3481
360 363 2883
360 698 3913
360 780 6487
361 3 3772
362 160 4397
362 166 4258
362 349 3478
362 419 5280
362 492 5170
362 991 4897
363 106 4893
363 620 4638
364 494 2922
365 235 3994
365 446 2931
365 453 4017
365 626 3373
365 953 6043
366 55 5624
366 172 3021
366 236 2429
366 646 5429
366 955 4865
367 172 5086
367 189 2334
367 379 4885
367 759 1857
367 726 4300
368 83 5667
368 439 3315
368 467 3782
369 115 2037
369 257 22452
369 623 2785
370 362 4073
370 991 1892
371 18 3085
371 125 4705
371 729 2415
371 751 4746
371 811 2388
371 868 2954
371 986 3648
371 781 4764
372 8 3228
372 485 3209
373 328 2811
373 429 3149
373 487 4460
373 750 3974
373 988 3979
374 361 3508
374 573 2668
374 728 2822
374 830 4912
374 855 2997
375 81 3172
375 108 2465
375 272 1832
375 391 4615
375 738 682
376 631 3873
376 977 4804
377 368 2986
377 467 3197
378 68 4242
378 569 5790
379 137 3172
379 261 4368
379 400 5422
379 671 4343
379 926 4270
380 222 2171
380 649 4330
380 826 3135
381 282 4780
381 458 4237
381 681 1587
381 801 4747
382 429 4301
382 639 1848
383 151 3605
383 245 3661
383 577 5574
383 799 4956
383 997 5744
385 71 3430
385 277 2089
385 595 4823
386 93 5788
386 171 3364
386 679 6046
387 212 5009
387 656 2819
387 719 5608
388 607 1943
389 112 1976
389 860 5642
390 206 5612
390 257 5777
390 297 4417
390 376 5094
390 977 2249
391 108 2439
392 98 5400
392 120 2757
392 222 3000
392 380 2204
393 150 2891
393 326 3276
393 540 3548
393 973 3917
394 141 2992
394 412 4424
394 617 2037
394 841 1788
395 697 2333
396 463 2658
396 491 2275
396 522 3980
396 744 4688
396 832 3578
397 697 4510
398 306 4382
398 439 4505
398 476 692
398 497 1565
399 127 4340
399 134 2721
399 732 4033
399 777 4194
400 189 4519
400 339 5007
400 671 2579
400 802 1764
400 932 3807
401 33 6509
401 58 2371
401 278 3114
401 562 2604
401 793 3201
402 529 2434
402 578 1951
402 962 1719
403 178 4275
403 675 2953
403 834 6411
403 857 3710
404 343 1932
404 894 1471
404 827 7636
405 34 1224
405 278 3655
405 424 2971
405 520 3703
405 566 3077
405 730 3618
406 450 2081
406 663 5474
406 737 3182
406 937 1316
406 977 4793
407 255 5619
407 352 4491
407 533 2528
408 417 1599
409 51 5824
409 73 1641
409 157 5131
409 378 4320
410 41 2136
410 435 3713
410 700 2093
410 726 2087
410 841 3277
411 203 2675
411 469 3675
411 651 4495
411 885 3319
411 987 5092
412 41 4882
412 322 3146
412 137 4949
412 841 4426
413 15 4513
413 89 5674
413 96 3777
413 175 4170
413 500 4738
413 996 4389
414 713 2791
414 772 3020
415 253 1495
415 290 5696
416 113 3487
416 580 6386
416 636 3662
416 674 5691
416 938 4319
416 468 9136
417 90 1811
417 388 1955
417 607 3724
418 175 4575
418 331 3837
418 413 2704
418 650 4908
419 154 4356
419 166 1204
419 859 5706
420 1 4496
420 310 2365
420 952 3424
421 27 3677
421 60 463
421 538 2296
422 143 2402
422 204 3918
422 665 4777
423 162 6186
423 14 3948
423 530 2345
423 731 3074
423 749 1019
424 32 1807
424 566 4088
425 131 2387
425 320 2881
426 556 4393
426 628 4170
426 934 3794
426 960 3928
426 602 5269
427 45 4493
427 110 3903
427 511 6140
427 779 5707
428 281 4893
428 593 3979
428 664 4750
428 768 6784
429 328 435
429 487 4654
429 624 4786
429 907 5733
430 213 3378
430 749 5797
431 452 2889
431 471 3769
431 717 5988
432 26 2539
432 54 2681
432 107 3990
432 302 1827
432 913 3207
432 985 839
433 23 7951
433 327 2358
434 388 4579
434 944 1040
434 481 9118
435 35 1516
435 102 2378
435 208 1970
435 488 2579
435 627 653
435 759 4602
435 735 7389
436 373 2784
436 429 3132
436 487 1780
437 24 5023
437 489 3679
438 454 1632
439 476 4843
439 497 4428
439 601 1822
439 943 5189
440 414 2950
440 582 4452
440 658 3948
440 745 2683
440 713 2326
441 63 4233
441 344 3443
441 532 4710
441 789 2007
441 867 4482
442 79 6224
442 122 8332
442 451 4253
442 460 5644
442 889 4121
442 959 3347
443 110 5084
443 324 4196
443 427 2609
443 511 3941
443 625 3156
444 97 5423
444 640 2819
445 3 4816
445 518 5493
445 572 3146
445 680 3969
445 746 5180
445 814 3991
446 214 3406
446 466 6125
446 626 2450
447 147 5327
447 599 2480
448 26 4063
448 224 3065
448 438 871
448 872 2299
449 451 4074
449 634 1748
449 959 5424
450 335 3923
450 631 4418
450 651 3323
450 885 4153
450 937 3279
451 582 4317
451 460 5450
452 407 1529
452 352 3916
453 225 3886
454 26 1597
455 97 3819
455 193 1808
455 381 7253
455 473 1861
455 837 2909
456 232 592
456 441 7288
456 532 4076
456 867 2810
457 440 1016
457 658 2931
457 713 1748
457 745 3597
458 337 5318
458 652 5211
458 801 520
458 948 6028
459 99 6291
459 177 1896
459 715 5861
459 876 5005
460 1 3357
460 37 6382
460 122 3278
460 634 4876
461 324 5438
461 804 3634
461 817 1049
462 130 3356
462 248 2531
462 575 4108
464 656 5079
464 886 4577
464 906 2941
464 975 4491
465 355 3035
465 415 5716
466 214 5558
466 496 4424
466 523 5748
466 911 2541
467 40 7419
467 556 1887
467 568 5209
467 647 2499
467 943 4130
468 126 1427
468 252 7901
468 579 2343
468 970 5939
469 561 3163
469 921 5547
470 517 969
470 764 4515
470 597 7988
471 452 3917
471 523 4482
472 407 4090
472 533 3789
472 995 3984
473 193 1990
473 319 4240
473 844 3284
474 100 2515
474 191 1345
474 752 3284
475 297 6702
475 347 1949
476 83 4391
476 306 4378
476 601 3541
476 912 4052
477 342 5870
477 350 5748
477 390 3713
477 977 5707
478 2 6151
478 173 5106
478 177 2770
478 459 915
479 428 4831
479 584 5583
479 593 1048
480 325 2530
480 963 3594
481 90 4265
481 123 1222
481 388 4701
482 100 4119
482 196 2919
482 197 4535
482 516 3351
482 908 5498
483 3 3413
483 361 4120
483 389 3745
483 571 2158
483 755 2110
484 104 4369
484 277 5772
485 425 4562
486 23 3010
486 94 4131
486 364 4283
486 494 3064
486 947 2415
487 382 6065
488 35 2175
488 102 3815
488 627 2233
488 790 3656
489 787 1817
490 40 5374
490 120 4697
490 160 5067
490 419 7218
491 502 4401
491 710 1430
492 160 2122
492 349 6733
492 370 5301
492 598 4644
492 768 5048
493 185 4385
493 268 3585
493 273 4315
493 503 2415
493 555 4033
494 82 3812
494 94 5997
494 947 2910
495 346 3378
495 557 3633
495 742 3858
495 815 5420
496 30 3036
496 290 1974
496 355 1625
496 415 4866
496 911 4620
497 543 3859
498 51 6494
498 157 5244
498 259 7142
498 384 4103
498 724 4230
499 161 2062
499 638 1834
500 851 1733
501 108 974
501 375 1590
502 396 2228
502 570 1361
502 582 4720
503 280 3719
503 552 3852
503 593 5148
503 718 8620
504 5 2005
504 10 5280
504 139 4645
504 254 4098
504 576 639
505 23 3811
505 382 5602
505 907 2836
505 544 6156
506 291 5654
506 648 3849
506 695 3288
507 470 4521
507 704 4691
508 234 3849
508 285 4292
508 650 1238
509 67 4253
509 152 6245
509 249 3960
509 259 3148
509 519 4361
510 644 6816
511 279 8618
511 324 7381
511 780 5650
512 86 2908
512 524 2705
512 564 2194
512 753 4768
512 936 4957
513 260 4006
513 295 1659
513 739 4177
513 812 2480
514 469 2504
514 937 4794
515 432 6820
515 699 3035
515 719 4578
515 825 4122
516 393 4401
516 613 1482
516 805 3571
517 507 4674
517 704 279
517 711 4555
518 609 2985
518 621 3209
518 767 5913
518 814 6269
518 794 11024
519 564 6059
519 940 5531
520 32 3812
520 258 896
521 183 3995
521 382 3657
521 436 5339
522 440 3960
522 463 3926
522 563 1766
522 710 3728
522 745 1703
523 53 2741
523 214 2082
524 86 4699
524 184 4673
524 384 7177
525 182 2344
525 229 1132
525 241 4318
525 251 2817
525 526 2974
525 662 2989
525 722 3941
525 914 1189
525 980 6693
526 111 2778
526 182 5203
527 873 4369
527 596 8493
528 205 2414
528 323 3973
529 901 2452
529 982 1659
530 14 3030
530 644 3329
530 660 2338
530 859 5072
531 215 3939
531 313 3116
531 689 2592
532 81 3689
532 984 4617
533 231 3723
533 431 1163
533 452 4047
533 717 4837
533 850 1298
533 995 3332
534 73 4614
534 378 5101
534 685 902
534 806 6504
534 993 5676
535 355 3237
535 496 4782
535 69 1860
535 760 4127
535 898 2481
536 226 3398
536 576 3810
537 57 4857
537 124 987
537 642 5046
537 717 2422
537 918 3836
538 27 4172
538 60 2180
538 163 4854
538 637 3379
538 912 4423
538 949 4125
539 57 8348
539 284 1714
540 298 2259
540 516 4007
540 966 4349
541 124 2291
542 383 7208
542 887 5770
543 398 5363
544 429 5586
544 521 3408
545 119 4676
545 515 4574
545 583 3058
546 453 5220
547 101 3505
547 276 1126
547 549 4891
547 758 5531
547 845 4592
547 883 4660
548 110 5235
548 183 6130
549 101 2151
549 247 4251
549 758 3623
550 395 4799
550 397 1721
550 624 3362
550 629 4342
550 683 5585
550 697 2807
550 988 4329
551 93 6831
551 140 3538
551 677 3080
552 280 1368
552 493 1890
552 584 2799
553 413 2405
553 500 4257
553 636 3362
553 674 1271
554 179 1869
554 684 5243
554 694 1625
554 725 3778
554 974 2506
555 209 3912
555 243 4699
555 428 2593
555 593 5426
556 647 767
557 218 4432
557 300 651
557 597 2203
557 803 2403
558 241 2286
558 370 5057
558 662 4263
559 73 5729
559 159 5324
559 378 2750
559 654 1966
559 900 5106
560 733 3430
560 973 3649
561 406 4536
561 450 2779
561 514 765
561 651 2533
561 791 4951
561 921 5701
561 885 2305
562 118 4261
562 278 527
562 58 4545
562 880 3711
563 440 3491
563 745 2543
564 86 4648
564 341 3837
564 524 886
564 893 5590
564 940 782
565 75 2100
566 32 2801
566 34 1883
566 118 4508
566 520 1297
566 811 3155
567 274 5483
567 356 5459
567 366 6078
567 189 14048
567 735 4368
568 368 4448
568 377 2070
569 68 3710
569 142 5437
569 157 6328
569 384 6707
569 498 5581
569 724 3925
570 79 5186
570 396 3355
570 463 978
570 582 4354
570 832 4091
571 374 2287
572 3 5765
572 112 4911
572 389 5198
572 518 4043
572 767 5877
573 483 4945
573 571 3867
574 129 3774
574 707 2677
574 767 3326
574 820 3374
575 76 4886
575 219 1589
575 346 2295
575 495 1620
575 740 3145
575 742 4440
576 5 2629
576 139 5250
576 254 3649
577 434 2929
577 944 2350
578 99 1470
578 982 3409
579 233 6518
580 113 3815
581 38 4237
581 116 6338
581 313 1985
582 463 3559
582 563 3102
583 20 4887
583 192 5796
583 699 3638
584 280 1589
584 493 3209
584 503 3148
584 555 4926
584 593 4784
585 108 1802
585 375 3076
585 391 3835
585 946 4371
586 354 4493
586 318 3891
587 559 3186
587 900 3045
587 685 6026
588 71 3529
588 201 2994
588 277 4551
588 308 3481
589 62 3594
589 939 4465
590 714 4637
590 734 5008
592 279 7426
592 360 4255
592 762 3542
592 882 3778
593 281 4965
594 266 1856
595 307 3123
595 623 4345
595 928 3165
596 156 2440
597 145 3374
597 300 2239
597 803 965
598 490 5501
598 768 5573
598 784 4723
599 131 4348
599 147 3639
600 70 3972
600 401 4984
600 921 6079
601 368 4584
601 398 3038
601 497 2641
601 543 5384
601 757 4785
601 912 5152
602 120 5801
602 490 5935
602 598 3680
603 178 3574
603 240 4657
603 675 1579
603 857 5230
604 24 6018
604 56 1902
604 437 1469
604 489 2997
604 860 4552
605 53 1413
605 214 3986
605 365 4384
605 471 3102
605 523 1916
606 2 4929
606 876 4549
606 901 5172
607 408 2355
607 434 3789
607 944 4826
608 102 5477
608 274 4040
609 112 5676
610 526 4694
610 662 8725
610 914 6415
611 7 4315
611 404 7563
611 718 6039
611 827 1129
611 994 5065
612 105 4251
612 506 1133
613 164 2386
613 482 4763
613 540 2972
613 805 4304
613 842 1278
614 273 3027
614 503 3538
614 593 5373
614 692 4914
615 608 3320
615 672 2475
616 121 2443
616 741 2683
616 849 4685
617 141 3545
617 201 4007
617 726 4329
618 16 4125
618 75 5311
618 877 3362
618 935 5267
619 2 6040
619 165 7047
619 173 5930
619 221 3228
619 637 6860
619 875 6188
620 329 5919
620 360 2036
620 395 21212
620 698 2777
620 780 6035
621 250 2498
621 586 4724
621 609 5984
622 153 5897
622 482 5055
622 591 4516
622 908 2913
623 333 3811
623 115 1799
623 770 4558
623 839 1829
624 397 3707
624 683 4644
625 324 2469
625 511 5232
626 214 3251
626 225 4601
626 453 1082
626 523 5159
626 132 6027
626 953 2785
627 35 1836
627 102 2972
627 208 1345
627 410 3374
627 617 6172
627 790 2263
628 31 335
628 348 2162
628 556 5222
628 647 4467
628 703 2025
628 916 3528
629 373 5595
629 397 5048
629 624 1485
629 683 3540
629 852 5228
629 907 5535
629 978 3397
629 988 2845
630 470 2659
630 517 2865
630 704 2699
630 764 5890
630 808 1982
630 964 9001
631 514 3635
631 705 4325
631 876 5766
631 885 4990
631 925 6300
632 491 4420
632 743 3943
633 916 3737
634 976 2093
635 43 4738
635 240 2548
635 603 7163
635 953 5977
636 15 5616
636 500 4874
637 421 1370
637 875 1981
638 52 3054
638 56 3421
638 106 4366
638 161 3780
638 437 4237
638 604 5227
639 433 4913
639 487 6250
639 521 2500
639 544 967
640 947 6429
641 114 399
641 234 2578
641 866 5376
642 474 3892
643 255 6256
643 284 3999
643 539 5126
643 231 8807
643 666 4910
643 834 6428
644 213 1870
644 423 2391
644 846 2318
645 484 2671
645 595 4058
646 567 6072
647 31 4155
647 426 4065
647 146 5251
647 810 4202
648 612 3235
648 695 2224
648 972 5230
649 40 4850
649 85 4889
649 490 525
649 958 5074
650 93 3472
650 234 3899
651 335 1650
651 406 3900
651 469 1001
651 514 1788
651 216 5575
651 737 2796
651 885 1348
652 965 6736
653 159 2857
653 534 4580
653 685 3938
653 806 2970
653 818 5818
654 159 3431
654 587 1447
654 900 4191
655 87 3387
655 181 4892
656 192 2206
656 336 3124
656 688 1436
656 699 4642
656 719 3399
656 825 4328
657 38 1618
657 590 4883
658 414 1510
658 489 2364
658 691 2960
659 89 5870
659 116 3308
659 140 2548
659 551 6086
659 677 3163
660 423 3707
660 644 5487
660 749 4358
660 859 3262
660 967 3553
661 17 1324
661 48 3413
661 456 5776
662 111 3479
662 251 4920
663 136 7134
663 206 3186
663 270 3098
663 877 6035
664 614 5555
664 768 4531
664 856 5576
665 193 3492
665 237 1100
666 36 2784
666 256 3452
667 289 2132
667 754 3824
667 774 4612
667 917 5638
668 504 4537
668 536 3843
668 576 3918
668 28 6375
668 792 5495
669 341 5180
670 34 3492
670 520 891
670 566 1796
670 811 2533
671 261 883
672 11 3730
672 311 5265
672 353 5162
673 33 1796
673 148 3890
674 96 4865
674 175 5424
674 413 3104
675 43 1449
675 178 2478
675 225 5434
675 240 3415
675 546 4709
676 414 3097
676 489 2102
676 658 1693
676 691 4646
677 140 872
677 155 5700
678 101 3358
678 247 2055
678 276 4200
678 547 4710
678 999 3031
679 809 1587
680 746 2003
680 833 4291
681 282 5151
681 458 2689
681 665 4610
682 212 1416
682 387 4501
683 395 4048
683 697 3302
684 574 4998
684 820 1693
685 549 6118
685 559 5224
685 993 5679
686 25 4426
686 213 4621
686 423 1415
686 510 6941
686 530 3740
686 644 3041
686 660 4743
686 731 1726
686 749 1961
687 78 4093
687 260 2117
687 265 2115
687 295 3631
687 441 4107
687 513 3783
687 797 4419
688 332 4143
688 336 2037
688 387 4189
689 358 5123
690 58 5219
690 70 1988
690 317 2048
690 910 2433
690 961 3966
691 414 1672
691 440 1416
691 772 2662
692 209 1993
692 273 3950
692 555 5394
693 105 2148
693 184 2546
693 506 5039
693 612 4191
695 95 4862
695 612 2209
695 972 3673
696 78 3527
696 734 2530
696 813 4571
697 8 3545
697 886 4056
698 239 3546
698 279 7169
698 329 3428
698 363 5169
698 882 4235
699 192 3716
699 332 831
699 688 3812
699 336 5045
699 719 1708
699 930 3354
700 137 2758
700 189 4284
701 204 2321
701 282 3054
701 422 1739
701 727 5179
701 874 3280
702 387 3280
702 464 1416
702 975 5007
703 528 2206
703 960 2391
704 470 706
705 791 2983
705 876 4947
705 715 3493
706 151 5390
706 271 1328
706 577 4781
706 957 3941
707 129 1100
707 655 4393
707 684 4981
707 767 2158
708 1 4078
708 37 4164
708 294 3553
708 420 4650
708 776 4676
709 15 4419
709 233 4710
709 590 2406
709 714 3175
709 851 2315
710 463 4396
710 563 3277
710 744 4359
710 794 3176
711 149 1332
711 217 4375
711 704 4710
712 398 2472
712 421 3652
712 476 1937
712 497 3726
713 489 3136
713 563 3036
713 772 251
714 500 1259
714 851 1012
714 864 4960
714 996 3209
715 478 5108
715 606 4949
715 876 2423
716 34 30127
717 541 5257
717 642 5210
717 720 3508
717 828 3310
717 850 3743
718 243 4761
718 268 3498
718 994 1171
719 336 3338
719 583 5318
719 825 1002
719 924 3642
719 930 2807
720 537 1279
720 541 1749
720 850 5518
720 918 3588
721 89 4172
721 140 4072
721 418 4500
721 551 5045
721 677 4728
722 111 4120
722 526 2713
722 610 3589
722 662 5136
722 980 3399
723 920 4688
723 941 5807
723 984 5220
724 68 3073
724 878 4480
724 993 5648
725 21 2914
725 179 2148
725 684 1761
725 694 4860
725 574 6690
726 412 4130
726 700 1585
727 46 3752
727 282 4010
727 422 3452
727 616 4868
728 573 646
728 755 4044
729 18 1177
729 751 4680
730 371 1348
730 520 3270
730 566 3979
730 862 3229
730 909 2995
731 25 4157
731 859 5197
732 777 2380
732 942 7386
733 736 4628
733 966 2531
734 334 770
734 657 4623
734 344 9771
734 998 4702
735 330 6207
735 608 5174
736 4 3942
736 298 3948
736 322 4239
737 450 1251
737 469 3721
737 514 1492
737 561 1543
737 631 3432
737 411 6448
737 791 5514
738 81 2493
738 108 3138
738 501 2272
739 260 4124
739 687 2036
740 495 1540
740 557 3134
740 597 3078
740 816 2176
740 838 2283
740 964 3476
741 669 4954
741 858 2305
742 630 4697
742 740 3592
742 816 2980
743 437 4517
743 571 4104
743 604 3162
743 483 4449
743 755 4446
743 787 3061
743 860 1450
744 9 3165
744 389 3447
744 491 2944
745 442 7326
745 691 4093
745 772 3812
745 832 2196
746 818 5182
746 833 2692
746 895 3099
747 109 5114
747 145 3922
747 148 3240
747 186 4431
747 217 5420
747 896 4550
748 97 2280
748 169 3074
748 207 7166
748 444 5384
748 640 2850
749 213 2671
749 510 7375
749 644 1373
749 731 3682
749 846 2113
750 624 1352
751 18 3808
751 217 4567
751 12 4882
751 862 3068
751 868 2450
752 342 2792
752 537 8675
752 877 4081
753 50 586
753 341 5948
753 564 6197
753 585 5696
753 936 6580
753 940 5474
754 133 3900
754 774 3851
754 809 4676
754 866 3346
754 917 2730
755 571 358
755 573 3559
755 106 9609
756 87 5426
756 190 5578
756 633 1919
756 888 5449
757 83 2714
757 421 5240
757 439 4943
757 538 4095
757 888 5221
757 949 2414
758 276 5547
758 843 5307
759 41 1559
759 410 2320
759 627 4015
759 700 977
759 726 2518
759 208 3292
760 527 2433
761 452 5961
761 603 6036
762 52 6158
762 329 1168
762 698 3516
762 882 5645
763 184 6122
763 512 4545
763 941 3877
763 970 2854
764 704 3868
764 711 3867
764 808 3912
765 3 4794
765 448 5580
765 680 3274
765 746 5277
766 167 1624
766 617 2190
766 841 3166
768 784 1411
768 992 3130
769 48 5403
769 456 3923
769 480 4272
769 661 4465
769 867 2962
770 263 3350
770 596 5956
770 928 5641
771 23 3533
771 364 4056
771 494 1822
771 929 2210
771 947 2913
772 440 2316
772 563 2785
772 632 3829
773 195 4722
773 648 6340
773 887 6113
773 956 5913
774 96 5030
774 133 4485
774 285 4500
774 917 2668
775 393 4546
775 475 4298
775 540 3524
775 560 964
775 733 4151
775 973 2702
776 37 3376
776 122 2426
777 198 4726
777 351 2185
777 785 4249
777 945 4391
778 139 6159
778 504 5712
779 443 3254
779 511 1165
779 625 5232
779 780 6797
780 244 5908
780 279 4474
780 147 9185
781 12 2073
781 125 1053
781 258 4317
781 811 3484
782 144 6873
782 245 6511
782 619 6951
783 120 1799
783 222 4735
783 380 2721
783 426 3936
783 602 5903
784 492 5439
784 664 3322
784 856 2905
784 922 5169
785 230 4632
785 399 4585
785 716 4616
786 34 4953
786 312 4481
786 424 2952
786 543 4035
787 604 2482
787 632 2907
787 676 3841
787 860 3866
788 602 4343
788 420 7700
788 922 2782
788 934 4212
789 260 3040
789 287 4338
789 344 5427
789 687 4276
789 867 3191
790 35 1619
790 435 1615
791 376 4371
791 631 2110
791 715 4066
791 876 3814
791 925 5291
792 10 2556
792 215 4592
792 536 3844
793 58 2079
793 317 3903
793 600 2183
793 690 5213
793 705 5530
793 910 3668
794 396 2397
794 463 4626
794 491 2068
794 744 2638
795 581 7802
795 998 7729
796 344 3723
796 723 2906
796 920 2366
796 984 2716
797 78 422
797 265 2908
797 739 2408
798 49 1060
798 801 5213
798 950 4336
798 965 4413
799 245 3462
799 542 2535
799 782 5048
799 979 747
800 590 3588
800 709 1420
801 46 4621
801 652 4853
801 681 3207
801 727 3853
802 339 3910
802 671 2507
802 887 5339
803 145 2473
803 202 2525
803 896 3069
804 548 493
804 183 5647
804 817 3478
805 100 3102
805 150 3321
805 191 3135
805 474 3638
805 482 2878
805 164 4961
805 842 3036
806 685 6169
807 92 1018
807 509 3804
808 470 1839
809 311 3597
809 866 3555
810 146 1494
810 556 4763
810 628 4202
810 633 1866
810 756 2898
810 960 3917
811 258 2824
811 520 2059
811 729 4679
811 730 1651
812 233 4510
812 295 2894
812 334 2676
812 734 2996
813 38 3154
813 334 4229
813 590 3477
813 657 1646
813 734 3468
813 714 7468
814 3 4189
814 609 3422
814 744 4357
815 248 1464
815 462 2807
815 742 2500
815 848 1672
816 495 3539
816 517 6710
816 597 3402
817 42 5315
817 45 4041
817 110 3076
818 432 1887
818 26 4359
818 902 3493
819 295 6642
819 723 4106
819 796 6896
819 579 7301
820 129 3906
820 181 3795
820 345 4377
820 707 3406
820 767 5411
822 13 3341
822 252 4718
822 330 5320
822 955 5175
822 956 4593
822 971 1350
823 36 8102
823 643 5792
823 942 5585
824 205 1969
824 310 3626
824 788 3888
825 192 4305
825 688 3079
825 836 3894
826 120 3291
826 377 4892
826 467 3945
826 556 3885
826 568 5900
827 44 6206
827 305 7096
827 343 5704
827 718 4916
828 431 5004
829 471 5109
829 591 3998
829 828 2220
830 131 5335
830 361 5251
830 573 3822
830 728 3176
830 762 3430
831 648 4846
832 563 2460
833 432 2933
833 818 2500
833 224 3919
833 861 2525
833 895 2342
834 666 1878
834 761 2671
834 923 2007
835 981 2177
836 587 3949
836 719 4584
836 900 1159
836 924 1842
836 930 2425
837 212 1509
837 319 4959
837 364 4096
837 387 6494
837 682 2354
838 145 4199
838 300 2602
838 495 3645
838 557 2346
838 597 853
838 816 2621
838 964 1662
839 770 4675
839 903 2178
840 67 5489
840 92 5858
840 836 4279
841 617 1493
842 164 2841
842 482 3917
843 247 4720
843 678 4753
844 84 3644
844 204 3648
844 223 761
844 237 2490
844 319 3352
844 665 3394
844 682 5113
845 188 2713
845 318 4318
846 162 3863
846 213 1684
846 530 1448
847 252 2328
847 291 4484
847 971 3809
848 76 5890
848 130 6028
848 462 2737
848 510 11510
849 108 4686
849 138 4581
849 391 4592
849 585 3974
849 858 3173
850 231 3599
850 407 3563
850 431 2332
850 472 3263
850 537 5175
850 828 3775
851 15 2146
851 864 4020
852 147 1770
852 599 4018
852 978 4110
853 200 5166
853 554 2029
853 694 3150
853 725 5066
854 10 3867
854 116 3990
854 536 3724
854 689 4729
854 778 2954
855 52 5135
855 329 3678
856 598 2667
856 768 3227
856 958 2601
857 256 2566
857 666 4058
857 761 1045
857 834 2840
858 927 658
858 989 728
859 349 5559
859 423 4994
860 9 3539
860 571 3764
861 224 1825
861 448 4872
861 680 2348
861 746 2113
861 765 4971
861 895 4284
862 12 3659
862 18 1733
862 371 1916
862 729 1917
862 986 1840
863 297 2501
863 347 3880
863 350 4199
863 594 2752
864 233 4540
864 800 2261
864 15 5714
865 529 3148
865 578 1976
865 863 5351
865 962 1586
866 114 5014
866 171 4785
866 667 5797
866 679 3566
866 917 811
867 63 2139
867 871 5423
868 12 2438
868 125 3585
868 154 4079
868 729 4111
868 862 2212
869 259 2415
869 384 2726
869 519 5579
870 210 3343
870 369 2109
870 412 4937
870 117 1324
870 903 4590
871 48 5765
871 63 5601
871 232 3405
871 287 5153
871 456 3360
871 532 5217
872 302 2327
872 454 510
873 168 1469
873 622 4956
874 74 4958
874 204 3073
874 741 4080
874 989 5735
875 60 3727
876 478 4101
877 270 3939
877 565 3714
878 409 5751
879 82 4882
879 771 4239
879 906 4947
879 929 2064
880 278 3474
880 673 3906
880 909 4598
881 271 417
881 972 4427
882 447 2206
882 599 4560
882 830 6215
883 101 6897
883 211 5495
883 586 4760
883 621 2893
884 185 1994
884 209 3834
884 555 3788
885 335 2837
885 514 1821
886 119 4843
886 395 1752
886 702 4239
887 195 2072
887 286 4987
888 163 3216
888 318 4639
888 354 3458
888 949 3915
889 1 4964
889 37 6673
889 122 4323
889 460 1607
889 776 3300
889 959 1380
890 144 4093
890 151 3503
890 245 4183
890 383 700
890 434 2551
890 782 4609
891 178 4183
891 603 4819
891 635 2791
891 675 3398
891 240 860
892 156 2111
892 228 355
892 596 884
892 898 5120
892 954 6072
893 184 4589
893 524 4751
893 693 5568
893 869 6256
893 108 18391
893 972 5909
894 44 1356
894 251 4250
894 343 2160
894 884 5835
895 680 5102
896 964 3600
897 245 4670
897 944 4535
897 957 5791
898 168 5466
898 596 5858
899 75 3204
899 663 5933
899 877 5793
899 918 3130
900 719 4619
900 825 3757
901 99 2398
901 402 2343
901 459 3972
901 478 4247
902 107 3608
902 302 3902
902 432 2763
902 545 5043
902 985 3450
903 263 6560
903 369 2725
903 623 410
904 351 5971
904 823 3369
905 20 4064
905 119 4713
905 372 5015
905 485 2043
906 886 1877
907 397 496
907 550 2104
908 153 3109
908 591 3709
908 828 5707
908 829 4628
909 371 3708
909 405 2687
910 70 919
910 315 4203
910 317 2902
910 600 3719
910 715 5654
911 30 2092
912 163 1592
913 302 1482
913 438 2738
913 448 3560
914 182 3247
914 251 4007
914 526 2870
914 722 2970
915 11 3716
915 308 3978
915 484 4380
916 146 5193
916 960 3831
918 541 3141
918 642 5180
919 246 3952
919 267 3736
919 608 4495
919 615 1279
919 672 2513
919 264 1454
920 984 604
921 33 3036
921 411 2480
921 673 4721
921 705 6204
922 0 5274
922 281 2402
922 664 2653
923 403 5046
923 666 3874
923 761 2907
924 336 4507
924 587 3709
924 699 4206
924 825 2717
924 900 1127
924 654 5018
924 930 868
925 288 4012
925 478 5558
925 715 6024
925 876 3631
926 103 5637
926 321 3786
926 560 5320
926 733 1954
926 966 4435
926 990 3429
927 616 1487
927 741 1665
927 849 3382
927 138 5034
927 989 782
928 645 3361
929 23 5736
929 82 3526
929 494 565
930 825 1858
930 900 1965
931 173 4709
931 177 4311
931 459 5953
931 782 4790
931 901 6733
931 979 6169
932 59 3554
932 671 4668
932 802 2316
932 887 3133
933 126 1333
933 291 2065
933 468 2171
933 579 3793
934 528 1681
934 602 5004
934 628 4948
934 703 3133
935 75 4102
935 136 5403
935 270 3893
935 541 5799
935 918 3088
936 86 2545
936 128 5836
936 763 751
937 663 4852
937 737 4223
938 13 3767
938 291 5667
938 330 4734
938 356 2563
938 933 6288
938 113 3796
939 62 3505
939 732 3684
939 777 4238
939 904 6378
939 942 3877
939 983 3657
940 86 4721
940 512 1957
940 524 1669
940 893 6347
941 796 3984
941 970 4827
942 198 3800
942 284 7279
942 301 531
942 539 6052
942 904 3424
943 135 4513
943 377 1002
943 568 1483
943 601 5533
944 383 3244
944 890 2794
945 39 5391
945 127 5285
945 399 3124
946 341 5026
946 669 3542
946 753 4891
946 849 4091
947 23 5418
947 748 3611
947 879 4100
947 929 2629
948 46 3604
948 49 910
948 652 3564
948 798 305
948 801 5514
948 965 4114
948 950 4222
949 83 3701
949 163 780
950 46 4156
950 108 5993
950 138 3788
950 391 3909
951 8 4922
951 19 2934
951 395 3850
952 200 4400
952 788 4281
952 922 4404
952 824 2361
953 240 5961
953 453 2862
953 546 4216
953 891 5157
954 156 6432
954 596 5207
954 770 2459
955 646 3947
956 55 3269
956 252 5349
956 646 4422
956 648 3740
956 955 4378
956 971 3265
957 881 2447
957 271 2820
958 490 4583
958 602 5884
958 768 5709
958 784 5505
959 451 3515
960 348 2549
960 528 4569
960 633 5011
961 2 3951
961 70 5734
961 165 4374
961 221 5577
961 306 5009
961 619 5501
961 315 4040
962 99 1739
962 338 5297
962 578 416
962 982 3660
963 17 2891
963 325 1542
963 661 2683
963 789 7020
964 145 3262
964 202 1608
964 557 1442
964 597 1046
964 803 961
964 816 4279
965 49 4074
965 871 5899
966 298 4033
966 321 2436
966 560 2028
966 736 3034
966 775 2992
967 174 4641
967 558 6905
967 846 4992
968 82 2881
968 94 628
968 486 4706
968 640 2683
968 748 567
968 444 5032
969 252 4729
969 506 1171
969 612 1213
969 648 4445
969 693 4022
970 86 4436
970 126 7288
970 936 2822
971 13 4642
971 252 4654
971 646 1459
971 955 4305
972 271 4844
972 612 5602
972 706 6139
972 831 6289
972 957 2562
972 105 6084
973 350 2097
973 475 1607
974 634 4972
974 694 2629
974 824 5462
974 853 1718
975 119 2290
975 886 2788
975 951 1790
976 79 2494
976 451 4709
976 570 4332
976 694 3983
976 974 5995
977 206 4578
977 288 3812
978 372 1717
979 383 4751
979 542 3169
979 890 5446
979 293 6880
980 229 6097
980 526 4060
980 610 804
980 914 6040
981 47 3510
981 202 4529
981 218 4065
981 896 5674
982 99 1938
982 177 3649
982 402 3406
982 459 5014
982 865 4378
982 606 6205
983 732 2629
983 777 795
984 63 4701
984 81 3409
984 287 4765
984 941 5526
985 26 1920
985 54 3071
985 746 4909
985 818 2458
985 872 3363
985 913 2601
986 186 3292
986 217 3699
986 868 3451
987 39 3450
987 127 5186
987 203 3022
987 216 3136
987 835 2895
987 981 3024
987 469 5471
988 397 3952
988 436 5670
988 750 938
988 907 4310
989 121 1364
989 616 2143
989 741 2003
989 849 2606
990 59 6080
990 347 6652
990 733 4474
991 314 3312
991 492 4007
991 768 5064
991 856 5566
992 314 4134
992 784 4414
992 856 4349
993 68 2594
993 378 1705
993 409 2786
993 559 4429
993 569 4907
994 7 2216
994 268 4647
994 827 3935
995 255 5049
995 407 955
995 431 2256
995 452 1117
995 471 4441
995 850 4206
996 500 2038
996 553 2908
996 674 3941
996 851 3225
996 864 4481
997 245 2183
997 773 6515
997 799 3400
997 979 4088
998 64 7417
998 657 3770
998 696 2946
998 813 4484
999 417 6731
999 843 1857
999 247 3574
